K>> Moisture

Moisture =

  Columns 1 through 10

   0.250000000000000   0.250000000000000   0.250000000000000   0.250000000000000   0.250000000000000   0.250000000000000   0.250000000000000   0.250000000000000   0.250000000000000   0.250000000000000
   0.249037577394107   0.249502961729266   0.249764874876708   0.249895419203553   0.249955381535084   0.249981480633068   0.249992443346379   0.249996931472359   0.249998709660432   0.249999325309582
   0.248602952527691   0.249106919837289   0.249460767881262   0.249690878577939   0.249830606441323   0.249910627527552   0.249954221129253   0.249976878057693   0.249987910146879   0.249992347063935
   0.248308035537278   0.248823854675883   0.249210067439713   0.249484510034287   0.249670879769694   0.249792708962950   0.249869659649688   0.249916334221883   0.249942583905046   0.249954332962674
   0.248020691749524   0.248547531099927   0.248963931473180   0.249280023996246   0.249510646779966   0.249672592305114   0.249781928669720   0.249852184824937   0.249893518472849   0.249912562357240
   0.247785221931974   0.248317707880790   0.248750082037152   0.249089822469135   0.249348081012035   0.249537871639471   0.249672159415152   0.249762361804868   0.249817435433090   0.249843449659747
   0.247557563511438   0.248095114322378   0.248541849698801   0.248902949047007   0.249186338380517   0.249401663056548   0.249559039507227   0.249667860059220   0.249735851874900   0.249768451078597
   0.247355254250333   0.247895982101549   0.248351845688146   0.248726875826638   0.249027266950599   0.249260625958020   0.249435046224668   0.249558175144617   0.249636418306218   0.249674351918777
   0.247164179843823   0.247707422196146   0.248170517527737   0.248556606029941   0.248870534685548   0.249118311193242   0.249306419495971   0.249441091746506   0.249527637033370   0.249569901877512
   0.246993242823555   0.247537812139835   0.248004739986686   0.248396738306806   0.248717995146449   0.248973706335740   0.249169487764862   0.249310747284915   0.249402100908232   0.249446898886068
   0.246822305803287   0.247368202083523   0.247838962445634   0.248236870583672   0.248565455607349   0.248829101478239   0.249032556033753   0.249180402823323   0.249276564783094   0.249323895894624
   0.246651368783019   0.247198592027212   0.247673184904583   0.248077002860537   0.248412916068250   0.248684496620737   0.248895624302644   0.249050058361732   0.249151028657956   0.249200892903181
   0.246480431762751   0.247028981970901   0.247507407363532   0.247917135137402   0.248260376529151   0.248539891763235   0.248758692571535   0.248919713900140   0.249025492532818   0.249077889911737
   0.246316308309803   0.246865809072326   0.247346980995184   0.247760947560942   0.248109451760383   0.248394674722418   0.248619005355129   0.248784782681926   0.248894038333108   0.248948269388995
   0.246160244355546   0.246710250432469   0.247192884316904   0.247609113084100   0.247960437039430   0.248248733554222   0.248476058784392   0.248644425971124   0.248755583877582   0.248810821250802
   0.246004180401290   0.246554691792611   0.247038787638624   0.247457278607259   0.247811422318477   0.248102792386027   0.248333112213655   0.248504069260321   0.248617129422056   0.248673373112608
   0.245848116447034   0.246399133152754   0.246884690960345   0.247305444130417   0.247662407597524   0.247956851217832   0.248190165642918   0.248363712549519   0.248478674966530   0.248535924974414
   0.245692052492777   0.246243574512896   0.246730594282065   0.247153609653576   0.247513392876571   0.247810910049636   0.248047219072181   0.248223355838716   0.248340220511004   0.248398476836221
   0.245539309994701   0.246091157912873   0.246579120598455   0.247003595130786   0.247365197360920   0.247664697570914   0.247902939050262   0.248080747426341   0.248198840122672   0.248257746172167
   0.245389197249617   0.245941229013488   0.246429723663028   0.246855021551170   0.247217650448617   0.247518270282892   0.247757603272358   0.247936356235984   0.248055143135796   0.248114416578086
   0.245239084504532   0.245791300114102   0.246280326727601   0.246706447971553   0.247070103536314   0.247371842994871   0.247612267494454   0.247791965045626   0.247911446148920   0.247971086984004
   0.245088971759448   0.245641371214716   0.246130929792173   0.246557874391937   0.246922556624011   0.247225415706850   0.247466931716550   0.247647573855268   0.247767749162045   0.247827757389923
   0.244938859014364   0.245491442315330   0.245981532856746   0.246409300812321   0.246775009711708   0.247078988418829   0.247321595938647   0.247503182664911   0.247624052175169   0.247684427795841
   0.244790200365971   0.245342889206804   0.245833285088894   0.246261525512691   0.246627823322257   0.246932443967087   0.247175677002716   0.247357804802419   0.247479071816556   0.247539657757759
   0.244642297109772   0.245195050811188   0.245685634304876   0.246114164913455   0.246480824221692   0.246785838649683   0.247029455120617   0.247211914371241   0.247333424756066   0.247394139419951
   0.244494393853573   0.245047212415572   0.245537983520858   0.245966804314219   0.246333825121126   0.246639233332278   0.246883233238518   0.247066023940064   0.247187777695576   0.247248621082143
   0.244346490597374   0.244899374019955   0.245390332736839   0.245819443714983   0.246186826020561   0.246492628014873   0.246737011356419   0.246920133508887   0.247042130635086   0.247103102744335
   0.244198587341175   0.244751535624339   0.245242681952821   0.245672083115747   0.246039826919995   0.246346022697468   0.246590789474319   0.246774243077709   0.246896483574597   0.246957584406527
   0.244051280458885   0.244604261394206   0.245095502156792   0.245525049344050   0.245892974989564   0.246199368758940   0.246444328233480   0.246627948335334   0.246750311040635   0.246811476495153
   0.243904163856815   0.244457167167812   0.244948472635109   0.245378119850583   0.245746170015523   0.246052699307261   0.246297790622375   0.246481524592640   0.246603970848084   0.246665180473289
   0.243757047254745   0.244310072941417   0.244801443113425   0.245231190357117   0.245599365041481   0.245906029855582   0.246151253011269   0.246335100849946   0.246457630655533   0.246518884451424
   0.243609930652675   0.244162978715023   0.244654413591742   0.245084260863650   0.245452560067440   0.245759360403903   0.246004715400164   0.246188677107252   0.246311290462982   0.246372588429560
   0.243462814050606   0.244015884488629   0.244507384070058   0.244937331370183   0.245305755093398   0.245612690952225   0.245858177789059   0.246042253364558   0.246164950270431   0.246226292407695
   0.243315931587417   0.243869011722415   0.244360539343189   0.244790529984531   0.245159007651677   0.245466002209565   0.245711546139108   0.245895671015230   0.246018404089506   0.246079765346094
   0.243169087838072   0.243722175573676   0.244213725171336   0.244643749780948   0.245012269722674   0.245319310277226   0.245564898940245   0.245749062440987   0.245871823849302   0.245933200083080
   0.243022244088727   0.243575339424937   0.244066910999483   0.244496969577364   0.244865531793672   0.245172618344886   0.245418251741382   0.245602453866744   0.245725243609097   0.245786634820066
   0.242875400339382   0.243428503276198   0.243920096827630   0.244350189373781   0.244718793864669   0.245025926412547   0.245271604542519   0.245455845292501   0.245578663368893   0.245640069557052
   0.242728556590037   0.243281667127459   0.243773282655777   0.244203409170197   0.244572055935667   0.244879234480208   0.245124957343656   0.245309236718258   0.245432083128688   0.245493504294039
   0.242581802001248   0.243134915306147   0.243626538836585   0.244056677719563   0.244425339878433   0.244732535172152   0.244978274325291   0.245162567765452   0.245285424494268   0.245346851113938
